1
254
255
257
261
262
265
353
900
988
1005
1101
1105
1108
1112
1118
1146
1240
1279
1296
1297
1397
1409
1417
3392
3404
3614
3660
3666
3669
3672
3700
3841
3862
3892
3925
4093
4100
4105
4122
4140
4148
4342
4352
4355
4356
4380
4382
4384
4385
4392
4418
4421
4580
4628
4812
4820
4953
5101
5164
5165
5213
5232
5381
5432
5449
5452
5461
5466
5629
5652
5734
5752
5996
6014
6026
6036
6077
6525
1
254
255
257
261
262
265
353
900
988
1005
1101
1105
1108
1112
1118
1146
1240
1279
1296
1297
1397
1409
1417
3392
3404
3614
3660
3666
3669
3672
3700
3841
3862
3892
3925
4093
4100
4105
4122
4140
4148
4342
4352
4355
4356
4380
4382
4384
4385
4392
4418
4421
4580
4628
4812
4820
4953
5101
5164
5165
5213
5232
5381
5432
5449
5452
5461
5466
5629
5652
5734
5752
5996
6014
6026
6036
6077
6525
1
2
35
236
246
249
254
257
258
262
264
265
278
353
354
371
387
388
435
847
856
981
988
995
1021
1092
1100
1105
1111
1114
1116
1118
1119
1121
1146
1161
1213
1216
1217
1225
1226
1234
1236
1240
1242
1343
1397
1398
1400
1404
1406
1409
1417
1532
1534
1541
1542
1547
1549
1550
1554
1595
1678
2131
3122
3367
3395
3401
3579
3584
3631
3660
3678
3837
3842
3892
3924
3925
3941
4065
4076
4094
4103
4104
4122
4185
4309
4321
4328
4353
4356
4381
4382
4386
4566
4579
4580
4591
4593
4648
4805
4829
4833
4842
4855
4874
4884
4928
5053
5086
5087
5091
5098
5101
5125
5157
5158
5159
5212
5213
5335
5358
5428
5432
5441
5452
5453
5459
5461
5464
5465
5468
5497
5542
5617
5621
5707
5708
5719
5721
5722
5737
5872
5972
5974
5978
5984
5988
5992
5996
6006
6012
6014
6026
6076
6077
6179
6241
6242
6244
6246
6254
6492
6954
7061
8593
8805
8959
9246
9247
9517
9526
9704
9813
10347
10587
1
2
35
236
246
249
254
257
258
262
264
265
278
353
354
371
387
388
435
847
856
981
988
995
1021
1092
1100
1105
1111
1114
1116
1118
1119
1121
1146
1161
1213
1216
1217
1225
1226
1234
1236
1240
1242
1343
1397
1398
1400
1404
1406
1409
1417
1532
1534
1541
1542
1547
1549
1550
1554
1595
1678
2131
3122
3367
3395
3401
3579
3584
3631
3660
3678
3837
3842
3892
3924
3925
3941
4065
4076
4094
4103
4104
4122
4185
4309
4321
4328
4353
4356
4381
4382
4386
4566
4579
4580
4591
4593
4648
4805
4829
4833
4842
4855
4874
4884
4928
5053
5086
5087
5091
5098
5101
5125
5157
5158
5159
5212
5213
5335
5358
5428
5432
5441
5452
5453
5459
5461
5464
5465
5468
5497
5542
5617
5621
5707
5708
5719
5721
5722
5737
5872
5972
5974
5978
5984
5988
5992
5996
6006
6012
6014
6026
6076
6077
6179
6241
6242
6244
6246
6254
6492
6954
7061
8593
8805
8959
9246
9247
9517
9526
9704
9813
10347
10587
1
4
10
254
257
258
262
263
265
416
988
1025
1092
1102
1105
1113
1114
1121
1146
1161
1213
1217
1226
1234
1240
1397
1409
1413
1414
1417
1532
1542
1545
1546
1550
1554
1678
2824
3122
3312
3401
3402
3660
3874
3892
3924
3925
4065
4093
4094
4100
4105
4145
4148
4157
4185
4321
4342
4382
4577
4580
4581
4591
4593
4654
4665
4805
4836
4839
4842
4874
4952
5053
5088
5101
5102
5137
5164
5198
5441
5445
5454
5459
5461
5709
5722
5734
5737
5872
5961
5974
5980
5982
5990
5992
5996
5997
6005
6006
6014
6077
6241
6244
6250
6498
6518
6520
1
4
10
254
257
258
262
263
265
416
988
1025
1092
1102
1105
1113
1114
1121
1146
1161
1213
1217
1226
1234
1240
1397
1409
1413
1414
1417
1532
1542
1545
1546
1550
1554
1678
2824
3122
3312
3401
3402
3660
3874
3892
3924
3925
4065
4093
4094
4100
4105
4145
4148
4157
4185
4321
4342
4382
4577
4580
4581
4591
4593
4654
4665
4805
4836
4839
4842
4874
4952
5053
5088
5101
5102
5137
5164
5198
5441
5445
5454
5459
5461
5709
5722
5734
5737
5872
5961
5974
5980
5982
5990
5992
5996
5997
6005
6006
6014
6077
6241
6244
6250
6498
6518
6520
1
4
10
254
257
258
262
263
265
416
988
1025
1092
1102
1105
1113
1114
1121
1146
1161
1213
1217
1226
1234
1240
1397
1409
1413
1414
1417
1532
1542
1545
1546
1550
1554
1678
2824
3122
3312
3401
3402
3660
3874
3892
3924
3925
4065
4093
4094
4100
4105
4145
4148
4157
4185
4321
4342
4382
4577
4580
4581
4591
4593
4654
4665
4805
4836
4839
4842
4874
4952
5053
5088
5101
5102
5137
5164
5198
5441
5445
5454
5459
5461
5709
5722
5734
5737
5872
5961
5974
5980
5982
5990
5992
5996
5997
6005
6006
6014
6077
6241
6244
6250
6498
6518
6520
1
4
10
254
257
258
262
263
265
416
988
1025
1092
1102
1105
1113
1114
1121
1146
1161
1213
1217
1226
1234
1240
1397
1409
1413
1414
1417
1532
1542
1545
1546
1550
1554
1678
2824
3122
3312
3401
3402
3660
3874
3892
3924
3925
4065
4093
4094
4100
4105
4145
4148
4157
4185
4321
4342
4382
4577
4580
4581
4591
4593
4654
4665
4805
4836
4839
4842
4874
4952
5053
5088
5101
5102
5137
5164
5198
5441
5445
5454
5459
5461
5709
5722
5734
5737
5872
5961
5974
5980
5982
5990
5992
5996
5997
6005
6006
6014
6077
6241
6244
6250
6498
6518
6520
1
4
10
254
257
258
262
263
265
416
988
1025
1092
1102
1105
1113
1114
1121
1146
1161
1213
1217
1226
1234
1240
1397
1409
1413
1414
1417
1532
1542
1545
1546
1550
1554
1678
2824
3122
3312
3401
3402
3660
3874
3892
3924
3925
4065
4093
4094
4100
4105
4145
4148
4157
4185
4321
4342
4382
4577
4580
4581
4591
4593
4654
4665
4805
4836
4839
4842
4874
4952
5053
5088
5101
5102
5137
5164
5198
5441
5445
5454
5459
5461
5709
5722
5734
5737
5872
5961
5974
5980
5982
5990
5992
5996
5997
6005
6006
6014
6077
6241
6244
6250
6498
6518
6520
1
4
10
254
257
258
262
263
265
416
988
1025
1092
1102
1105
1113
1114
1121
1146
1161
1213
1217
1226
1234
1240
1397
1409
1413
1414
1417
1532
1542
1545
1546
1550
1554
1678
2824
3122
3312
3401
3402
3660
3874
3892
3924
3925
4065
4093
4094
4100
4105
4145
4148
4157
4185
4321
4342
4382
4577
4580
4581
4591
4593
4654
4665
4805
4836
4839
4842
4874
4952
5053
5088
5101
5102
5137
5164
5198
5441
5445
5454
5459
5461
5709
5722
5734
5737
5872
5961
5974
5980
5982
5990
5992
5996
5997
6005
6006
6014
6077
6241
6244
6250
6498
6518
6520
1
4
10
254
257
258
262
263
265
416
988
1025
1092
1102
1105
1113
1114
1121
1146
1161
1213
1217
1226
1234
1240
1397
1409
1413
1414
1417
1532
1542
1545
1546
1550
1554
1678
2824
3122
3312
3401
3402
3660
3874
3892
3924
3925
4065
4093
4094
4100
4105
4145
4148
4157
4185
4321
4342
4382
4577
4580
4581
4591
4593
4654
4665
4805
4836
4839
4842
4874
4952
5053
5088
5101
5102
5137
5164
5198
5441
5445
5454
5459
5461
5709
5722
5734
5737
5872
5961
5974
5980
5982
5990
5992
5996
5997
6005
6006
6014
6077
6241
6244
6250
6498
6518
6520
1
4
10
254
257
258
262
263
265
416
988
1025
1092
1102
1105
1113
1114
1121
1146
1161
1213
1217
1226
1234
1240
1397
1409
1413
1414
1417
1532
1542
1545
1546
1550
1554
1678
2824
3122
3312
3401
3402
3660
3874
3892
3924
3925
4065
4093
4094
4100
4105
4145
4148
4157
4185
4321
4342
4382
4577
4580
4581
4591
4593
4654
4665
4805
4836
4839
4842
4874
4952
5053
5088
5101
5102
5137
5164
5198
5441
5445
5454
5459
5461
5709
5722
5734
5737
5872
5961
5974
5980
5982
5990
5992
5996
5997
6005
6006
6014
6077
6241
6244
6250
6498
6518
6520
1
4
10
254
257
258
262
263
265
416
988
1025
1092
1102
1105
1113
1114
1121
1146
1161
1213
1217
1226
1234
1240
1397
1409
1413
1414
1417
1532
1542
1545
1546
1550
1554
1678
2824
3122
3312
3401
3402
3660
3874
3892
3924
3925
4065
4093
4094
4100
4105
4145
4148
4157
4185
4321
4342
4382
4577
4580
4581
4591
4593
4654
4665
4805
4836
4839
4842
4874
4952
5053
5088
5101
5102
5137
5164
5198
5441
5445
5454
5459
5461
5709
5722
5734
5737
5872
5961
5974
5980
5982
5990
5992
5996
5997
6005
6006
6014
6077
6241
6244
6250
6498
6518
6520
1
4
10
254
257
258
262
263
265
416
988
1025
1092
1102
1105
1113
1114
1121
1146
1161
1213
1217
1226
1234
1240
1397
1409
1413
1414
1417
1532
1542
1545
1546
1550
1554
1678
2824
3122
3312
3401
3402
3660
3874
3892
3924
3925
4065
4093
4094
4100
4105
4145
4148
4157
4185
4321
4342
4382
4577
4580
4581
4591
4593
4654
4665
4805
4836
4839
4842
4874
4952
5053
5088
5101
5102
5137
5164
5198
5441
5445
5454
5459
5461
5709
5722
5734
5737
5872
5961
5974
5980
5982
5990
5992
5996
5997
6005
6006
6014
6077
6241
6244
6250
6498
6518
6520
1
4
10
254
257
258
262
263
265
416
988
1025
1092
1102
1105
1113
1114
1121
1146
1161
1213
1217
1226
1234
1240
1397
1409
1413
1414
1417
1532
1542
1545
1546
1550
1554
1678
2824
3122
3312
3401
3402
3660
3874
3892
3924
3925
4065
4093
4094
4100
4105
4145
4148
4157
4185
4321
4342
4382
4577
4580
4581
4591
4593
4654
4665
4805
4836
4839
4842
4874
4952
5053
5088
5101
5102
5137
5164
5198
5441
5445
5454
5459
5461
5709
5722
5734
5737
5872
5961
5974
5980
5982
5990
5992
5996
5997
6005
6006
6014
6077
6241
6244
6250
6498
6518
6520
1
4
10
254
257
258
262
263
265
416
988
1025
1092
1102
1105
1113
1114
1121
1146
1161
1213
1217
1226
1234
1240
1397
1409
1413
1414
1417
1532
1542
1545
1546
1550
1554
1678
2824
3122
3312
3401
3402
3660
3874
3892
3924
3925
4065
4093
4094
4100
4105
4145
4148
4157
4185
4321
4342
4382
4577
4580
4581
4591
4593
4654
4665
4805
4836
4839
4842
4874
4952
5053
5088
5101
5102
5137
5164
5198
5441
5445
5454
5459
5461
5709
5722
5734
5737
5872
5961
5974
5980
5982
5990
5992
5996
5997
6005
6006
6014
6077
6241
6244
6250
6498
6518
6520
1
4
10
254
257
258
262
263
265
416
988
1025
1092
1102
1105
1113
1114
1121
1146
1161
1213
1217
1226
1234
1240
1397
1409
1413
1414
1417
1532
1542
1545
1546
1550
1554
1678
2824
3122
3312
3401
3402
3660
3874
3892
3924
3925
4065
4093
4094
4100
4105
4145
4148
4157
4185
4321
4342
4382
4577
4580
4581
4591
4593
4654
4665
4805
4836
4839
4842
4874
4952
5053
5088
5101
5102
5137
5164
5198
5441
5445
5454
5459
5461
5709
5722
5734
5737
5872
5961
5974
5980
5982
5990
5992
5996
5997
6005
6006
6014
6077
6241
6244
6250
6498
6518
6520
1
4
10
254
257
258
262
263
265
416
988
1025
1092
1102
1105
1113
1114
1121
1146
1161
1213
1217
1226
1234
1240
1397
1409
1413
1414
1417
1532
1542
1545
1546
1550
1554
1678
2824
3122
3312
3401
3402
3660
3874
3892
3924
3925
4065
4093
4094
4100
4105
4145
4148
4157
4185
4321
4342
4382
4577
4580
4581
4591
4593
4654
4665
4805
4836
4839
4842
4874
4952
5053
5088
5101
5102
5137
5164
5198
5441
5445
5454
5459
5461
5709
5722
5734
5737
5872
5961
5974
5980
5982
5990
5992
5996
5997
6005
6006
6014
6077
6241
6244
6250
6498
6518
6520
1
4
10
254
257
258
262
263
265
416
988
1025
1092
1102
1105
1113
1114
1121
1146
1161
1213
1217
1226
1234
1240
1397
1409
1413
1414
1417
1532
1542
1545
1546
1550
1554
1678
2824
3122
3312
3401
3402
3660
3874
3892
3924
3925
4065
4093
4094
4100
4105
4145
4148
4157
4185
4321
4342
4382
4577
4580
4581
4591
4593
4654
4665
4805
4836
4839
4842
4874
4952
5053
5088
5101
5102
5137
5164
5198
5441
5445
5454
5459
5461
5709
5722
5734
5737
5872
5961
5974
5980
5982
5990
5992
5996
5997
6005
6006
6014
6077
6241
6244
6250
6498
6518
6520
1
4
10
254
257
258
262
263
265
416
988
1025
1092
1102
1105
1113
1114
1121
1146
1161
1213
1217
1226
1234
1240
1397
1409
1413
1414
1417
1532
1542
1545
1546
1550
1554
1678
2824
3122
3312
3401
3402
3660
3874
3892
3924
3925
4065
4093
4094
4100
4105
4145
4148
4157
4185
4321
4342
4382
4577
4580
4581
4591
4593
4654
4665
4805
4836
4839
4842
4874
4952
5053
5088
5101
5102
5137
5164
5198
5441
5445
5454
5459
5461
5709
5722
5734
5737
5872
5961
5974
5980
5982
5990
5992
5996
5997
6005
6006
6014
6077
6241
6244
6250
6498
6518
6520
1
4
10
254
257
258
262
263
265
416
988
1025
1092
1102
1105
1113
1114
1121
1146
1161
1213
1217
1226
1234
1240
1397
1409
1413
1414
1417
1532
1542
1545
1546
1550
1554
1678
2824
3122
3312
3401
3402
3660
3874
3892
3924
3925
4065
4093
4094
4100
4105
4145
4148
4157
4185
4321
4342
4382
4577
4580
4581
4591
4593
4654
4665
4805
4836
4839
4842
4874
4952
5053
5088
5101
5102
5137
5164
5198
5441
5445
5454
5459
5461
5709
5722
5734
5737
5872
5961
5974
5980
5982
5990
5992
5996
5997
6005
6006
6014
6077
6241
6244
6250
6498
6518
6520
1
4
10
254
257
258
262
263
265
416
988
1025
1092
1102
1105
1113
1114
1121
1146
1161
1213
1217
1226
1234
1240
1397
1409
1413
1414
1417
1532
1542
1545
1546
1550
1554
1678
2824
3122
3312
3401
3402
3660
3874
3892
3924
3925
4065
4093
4094
4100
4105
4145
4148
4157
4185
4321
4342
4382
4577
4580
4581
4591
4593
4654
4665
4805
4836
4839
4842
4874
4952
5053
5088
5101
5102
5137
5164
5198
5441
5445
5454
5459
5461
5709
5722
5734
5737
5872
5961
5974
5980
5982
5990
5992
5996
5997
6005
6006
6014
6077
6241
6244
6250
6498
6518
6520
1
4
10
254
257
258
262
263
265
416
988
1025
1092
1102
1105
1113
1114
1121
1146
1161
1213
1217
1226
1234
1240
1397
1409
1413
1414
1417
1532
1542
1545
1546
1550
1554
1678
2824
3122
3312
3401
3402
3660
3874
3892
3924
3925
4065
4093
4094
4100
4105
4145
4148
4157
4185
4321
4342
4382
4577
4580
4581
4591
4593
4654
4665
4805
4836
4839
4842
4874
4952
5053
5088
5101
5102
5137
5164
5198
5441
5445
5454
5459
5461
5709
5722
5734
5737
5872
5961
5974
5980
5982
5990
5992
5996
5997
6005
6006
6014
6077
6241
6244
6250
6498
6518
6520
1
4
10
254
257
258
262
263
265
416
988
1025
1092
1102
1105
1113
1114
1121
1146
1161
1213
1217
1226
1234
1240
1397
1409
1413
1414
1417
1532
1542
1545
1546
1550
1554
1678
2824
3122
3312
3401
3402
3660
3874
3892
3924
3925
4065
4093
4094
4100
4105
4145
4148
4157
4185
4321
4342
4382
4577
4580
4581
4591
4593
4654
4665
4805
4836
4839
4842
4874
4952
5053
5088
5101
5102
5137
5164
5198
5441
5445
5454
5459
5461
5709
5722
5734
5737
5872
5961
5974
5980
5982
5990
5992
5996
5997
6005
6006
6014
6077
6241
6244
6250
6498
6518
6520
